    open     high      low    close  volume      EMA_12      EMA_26
 142.310  142.450  142.300  142.450    3672  142.525056  142.590550
 142.445  142.465  142.360  142.365    2700  142.500432  142.573843
 142.400  142.505  142.370  142.500    3201  142.500365  142.568373
 142.530  142.530  142.420  142.455    1356  142.493386  142.559975
 142.445  142.460  142.405  142.405    1552  142.479788  142.548495    open     high      low    close  volume      EMA_12      EMA_26
 142.310  142.450  142.300  142.450    3672  142.525056  142.590550
 142.445  142.465  142.360  142.365    2700  142.500432  142.573843
 142.400  142.505  142.370  142.500    3201  142.500365  142.568373
 142.530  142.530  142.420  142.455    1356  142.493386  142.559975
 142.445  142.460  142.405  142.405    1552  142.479788  142.548495    open     high      low    close  volume      EMA_12      EMA_26
 142.400  142.505  142.370  142.500    3201  142.500365  142.568373
 142.530  142.530  142.420  142.455    1356  142.493386  142.559975
 142.445  142.460  142.405  142.405    1552  142.479788  142.548495
 142.390  142.470  142.355  142.470    3976  142.478282  142.542681
 142.500  142.540  142.400  142.530    3266  142.486239  142.541742    open     high      low    close  volume      EMA_12      EMA_26
 142.400  142.505  142.370  142.500    3201  142.500365  142.568373
 142.530  142.530  142.420  142.455    1356  142.493386  142.559975
 142.445  142.460  142.405  142.405    1552  142.479788  142.548495
 142.390  142.470  142.355  142.470    3976  142.478282  142.542681
 142.500  142.540  142.400  142.530    3266  142.486239  142.541742    open     high      low    close  volume      EMA_12      EMA_26
 142.400  142.505  142.370  142.500    3201  142.500365  142.568373
 142.530  142.530  142.420  142.455    1356  142.493386  142.559975
 142.445  142.460  142.405  142.405    1552  142.479788  142.548495
 142.390  142.470  142.355  142.470    3976  142.478282  142.542681
 142.500  142.540  142.400  142.530    3266  142.486239  142.541742    open     high      low    close  volume      EMA_12      EMA_26
 142.400  142.505  142.370  142.500    3201  142.500365  142.568373
 142.530  142.530  142.420  142.455    1356  142.493386  142.559975
 142.445  142.460  142.405  142.405    1552  142.479788  142.548495
 142.390  142.470  142.355  142.470    3976  142.478282  142.542681
 142.500  142.540  142.400  142.530    3266  142.486239  142.541742    open     high      low    close  volume      EMA_12      EMA_26
 142.400  142.505  142.370  142.500    3201  142.500365  142.568373
 142.530  142.530  142.420  142.455    1356  142.493386  142.559975
 142.445  142.460  142.405  142.405    1552  142.479788  142.548495
 142.390  142.470  142.355  142.470    3976  142.478282  142.542681
 142.500  142.540  142.400  142.530    3266  142.486239  142.541742    open     high      low    close  volume      EMA_12      EMA_26
 142.400  142.505  142.370  142.500    3201  142.500365  142.568373
 142.530  142.530  142.420  142.455    1356  142.493386  142.559975
 142.445  142.460  142.405  142.405    1552  142.479788  142.548495
 142.390  142.470  142.355  142.470    3976  142.478282  142.542681
 142.500  142.540  142.400  142.530    3266  142.486239  142.541742