  AO_5_34
 2.243544
 1.940985
 1.646471
 1.344176
 0.853118

 BBM_5_2.0   BBL_5_2.0  BBB_5_2.0  BBP_5_2.0   BBU_5_2.0
   206.522  204.662779   1.800507   0.028835  208.381221
   206.288  204.288104   1.938936   0.310490  208.287896
   206.062  204.017401   1.984450   0.365010  208.106599
   205.798  203.965869   1.780514   0.462339  207.630131
   205.310  204.643427   0.649334   0.327476  205.976573

 APO_12_26
  1.489038
  1.338462
  1.193013
  1.014615
  0.787115

 BIAS_SMA_26
   -0.000907
    0.002223
    0.001542
    0.001666
   -0.001645

      BOP
-1.000000
-0.551724
-1.000000
-1.000000
-0.400000

     AR_26       BR_26
 55.270270  196.031746
 58.783784  219.576720
 53.505535  231.149733
 52.472859  236.497326
 57.983193  200.347222

 CCI_14_0.015
  -111.609430
   -99.058642
   -97.053938
   -85.023236
  -126.438446

    CG_10
-5.501661
-5.504572
-5.506353
-5.506475
-5.508113

   CMO_14
-8.746936
 3.919409
 3.577508
 6.073472
-4.247735

 COPC_11_14_10
      1.993507
      1.554379
      1.068342
      0.645775
      0.179371

 FISHERT_9_1  FISHERTs_9_1
    1.313095      2.206174
    0.462833      1.313095
   -0.254907      0.462833
   -0.856556     -0.254907
   -1.394605     -0.856556

 INERTIA_20_14
     63.732521
     61.783642
     59.184511
     58.183794
     56.504286

     D_9_3      J_9_3      K_9_3
 70.179691  20.811990  53.723791
 61.762651  11.260409  44.928570
 54.116861   8.242123  38.825282
 48.262902  13.139148  36.554984
 41.537607   1.185834  28.087016

 KST_10_15_20_30_10_10_10_15       KSTs_9
                 1620.125766  1469.618677
                 1568.437678  1521.125499
                 1491.114246  1548.025921
                 1390.279080  1551.917681
                 1273.679925  1533.802749

 MACD_12_26_9  MACDs_12_26_9  MACDh_12_26_9
     0.808557       0.884002      -0.075445
     0.700766       0.847355      -0.146589
     0.606732       0.799230      -0.192498
     0.538111       0.747007      -0.208896
     0.431947       0.683995      -0.252047

 MOM_10
  -1.05
  -0.78
  -1.10
  -1.25
  -1.51

 PPOs_12_26_9  PPOh_12_26_9  PPO_12_26_9
     0.711772      0.014745     0.726516
     0.699952     -0.047279     0.652672
     0.676243     -0.094835     0.581408
     0.639828     -0.145660     0.494168
     0.588498     -0.205320     0.383178

    PSL_12
 58.333333
 58.333333
 58.333333
 58.333333
 50.000000

 PVOs_12_26_9  PVO_12_26_9  PVOh_12_26_9
    35.071678    48.416354     13.344676
    36.284184    41.134209      4.850025
    35.825434    33.990435     -1.834999
    33.843354    25.915030     -7.928323
    32.456939    26.911282     -5.545657

   ROC_10
-0.510155
-0.378072
-0.532404
-0.604127
-0.730916

    RSI_14
 45.626532
 51.959705
 51.788754
 53.036736
 47.876132

 RVGI_14_4  RVGIs_14_4
 -0.090511   -0.104965
 -0.200236   -0.111418
 -0.343618   -0.167066
 -0.454430   -0.272108
 -0.512625   -0.384826

 SLOPE_1
   -2.75
    0.76
   -0.02
    0.15
   -0.58

 STOCHd_14_3_3  STOCHk_14_3_3
     77.179814      62.037315
     63.940521      42.105907
     40.709611      17.985612
     29.582864      28.657074
     23.301359      23.261391

 TRIX_30_9  TRIXs_30_9
  0.017950    0.010460
  0.019315    0.012312
  0.020473    0.014077
  0.021462    0.015730
  0.022220    0.017247

 TSI_13_25_13  TSIs_13_25_13
    41.442200      46.152632
    32.814109      44.247128
    26.892128      41.767843
    23.005030      39.087441
    17.961293      36.069420

 UO_7_14_28
  34.049941
  41.566033
  38.322097
  38.668620
  35.978271

   WILLR_14
-100.000000
 -72.661871
 -73.381295
 -67.985612
 -88.848921

    DEMA_10
 206.620317
 206.317796
 206.082627
 205.955857
 205.669479

     EMA_10
 206.231006
 206.103550
 205.995632
 205.934608
 205.779225

    FWMA_10
 206.181049
 205.930210
 205.767692
 205.722517
 205.473357

 KAMA_10_2_30
   206.679558
   206.653830
   206.612136
   206.569185
   206.487316

      LR_14
 206.684747
 206.375538
 206.126945
 205.934549
 205.604879

 MIDPOINT_2
    206.145
    205.150
    205.520
    205.585
    205.370

 MIDPRICE_2
   206.1600
   205.7100
   205.6925
   205.6925
   205.4100

    OHLC4
 205.7100
 205.6425
 205.6925
 205.7000
 205.2200

    PWMA_10
 206.682871
 206.727070
 206.719414
 206.536504
 206.171230

     RMA_10
 205.703853
 205.686468
 205.668821
 205.667939
 205.609145

  SINWMA_14
 206.467020
 206.508429
 206.497025
 206.451661
 206.364705

  SMA_10
 206.560
 206.482
 206.372
 206.247
 206.096

 SUPERTl_7_3.0  SUPERTs_7_3.0  SUPERTd_7_3.0  SUPERT_7_3.0
           NaN     207.905007             -1    207.905007
           NaN     207.905007             -1    207.905007
           NaN     207.847301             -1    207.847301
           NaN     207.645544             -1    207.645544
           NaN     207.196181             -1    207.196181

    SWMA_10
 206.676000
 206.624333
 206.522000
 206.374667
 206.143667

  T3_10_0.7
 206.849888
 206.891570
 206.870021
 206.802639
 206.691370

    TEMA_10
 206.265312
 205.884102
 205.623672
 205.526556
 205.211055

   TRIMA_10
 206.641389
 206.622778
 206.546667
 206.434167
 206.258611

     VWAP_D
 205.569696
 205.570399
 205.571016
 205.571729
 205.564501

    VWMA_10
 206.307546
 206.250103
 206.171173
 206.133653
 205.959933

       WCP
 205.24000
 205.60250
 205.60125
 205.68000
 205.18000

     WMA_10
 206.497636
 206.310364
 206.133636
 206.004182
 205.792000

  ZL_EMA_10
 206.360445
 206.007637
 205.649885
 205.313542
 205.327444

 LOGRET_1
-0.013340
 0.003705
-0.000097
 0.000730
-0.002824

 PCTRET_1
-0.013252
 0.003711
-0.000097
 0.000730
-0.002820

  ENTP_10
 3.326859
 3.324817
 3.322858
 3.321149
 3.319545

  KURT_30
-1.581536
-1.511407
-1.403311
-1.289979
-1.104109

   MAD_30
 1.591500
 1.547111
 1.483733
 1.413244
 1.324011

 MEDIAN_30
   204.690
   204.805
   204.965
   205.300
   205.300

 QTL_30_0.5
    204.690
    204.805
    204.965
    205.300
    205.300

  SKEW_30
 0.028012
-0.087511
-0.192643
-0.283614
-0.356958

 STDEV_30
 1.800540
 1.765136
 1.712412
 1.641835
 1.573989

   VAR_30
 3.241946
 3.115704
 2.932354
 2.695624
 2.477441

    ZS_30
 0.087844
 0.464081
 0.404984
 0.442290
 0.037378

    ADX_14     DMP_14     DMN_14
 47.913152  40.693864  39.136057
 44.630170  35.225627  33.877151
 41.657677  34.260199  32.254600
 38.897505  33.181724  31.239260
 36.765791  30.568486  36.654534

 AMATe_LR_8_21_2  AMATe_SR_8_21_2
               0                1
               0                1
               0                1
               0                1
               0                1

 AROONOSC_14  AROONU_14  AROOND_14
   92.857143  92.857143   0.000000
   -7.142857  85.714286  92.857143
   -7.142857  78.571429  85.714286
   -7.142857  71.428571  78.571429
   -7.142857  64.285714  71.428571

 CHOP_14_1_100
     40.522543
     43.099400
     41.651677
     42.058154
     44.027597

 CKSPs_10_3_20  CKSPl_10_3_20
    202.730197     206.430109
    202.749178     206.430109
    203.065260     206.430109
    203.118734     206.430109
    203.196860     206.430109

 DEC_1
     1
     0
     1
     0
     1

 DPO_20
    NaN
    NaN
    NaN
    NaN
    NaN

 INC_1
     0
     1
     0
     1
     0

Empty DataFrame
Columns: []
Index: [2021-09-17 15:55:00-04:00, 2021-09-17 15:56:00-04:00, 2021-09-17 15:57:00-04:00, 2021-09-17 15:58:00-04:00, 2021-09-17 15:59:00-04:00]

 PSARs_0.02_0.2  PSARr_0.02_0.2  PSARl_0.02_0.2  PSARaf_0.02_0.2
     207.550000               1             NaN             0.02
     207.550000               0             NaN             0.02
     207.494400               0             NaN             0.02
     207.439912               0             NaN             0.02
     207.386514               0             NaN             0.02

  QS_10
-0.2270
-0.2470
-0.2485
-0.2625
-0.2275

  VTXP_14   VTXM_14
 0.788272  0.772222
 0.802191  0.831027
 0.754943  0.851408
 0.724363  0.855957
 0.707372  0.872257

 ABER_SG_5_15  ABER_ATR_5_15  ABER_ZG_5_15  ABER_XG_5_15
   207.116207       0.504207    206.612000    206.107793
   206.929260       0.540593    206.388667    205.848073
   206.707887       0.528887    206.179000    205.650113
   206.458628       0.508961    205.949667    205.440705
   206.024697       0.513697    205.511000    204.997303

 ACCBM_20    ACCBL_20    ACCBU_20
  205.645  205.009687  206.370937
  205.754  205.089707  206.523457
  205.849  205.160238  206.665238
  205.935  205.244239  206.754239
  205.972  205.241278  206.851278

  ATRr_14
 0.520304
 0.558140
 0.544344
 0.521891
 0.526042

 BBM_5_2.0   BBL_5_2.0  BBB_5_2.0  BBP_5_2.0   BBU_5_2.0
   206.522  204.662779   1.800507   0.028835  208.381221
   206.288  204.288104   1.938936   0.310490  208.287896
   206.062  204.017401   1.984450   0.365010  208.106599
   205.798  203.965869   1.780514   0.462339  207.630131
   205.310  204.643427   0.649334   0.327476  205.976573

 DCM_20_20  DCL_20_20  DCU_20_20
   205.450     203.35     207.55
   205.540     203.53     207.55
   205.745     203.94     207.55
   205.945     204.34     207.55
   206.080     204.61     207.55

  KCLe_20_2   KCUe_20_2   KCBe_20_2
 204.451342  206.837495  205.644418
 204.354072  206.912971  205.633521
 204.394636  206.848879  205.621758
 204.471338  206.779462  205.625400
 204.418829  206.728084  205.573457

 MASSI_9_25
  32.358422
  32.828830
  33.267317
  33.034451
  33.049795

  NATR_14
 0.344775
 0.365817
 0.340753
 0.310015
 0.307149

 PDIST
  2.75
  1.34
  0.71
  0.31
  1.06

    RVI_14
 58.344790
 62.818322
 55.719623
 60.915210
 53.129198

 TRUERANGE_1
       2.750
       1.050
       0.365
       0.230
       0.580

          AD
 5430.270253
 4659.270253
 4023.270253
 3631.270253
 2323.270253

  ADOSC_3_10
 -200.269023
 -685.252032
-1023.722169
-1193.848846
-1571.096228

     OBVe_12       OBVe_4  OBV_max_2  OBV_min_2     OBV  AOBV_LR_2  AOBV_SR_2
 7734.848090  8210.354227    10049.0     7414.0  7414.0          1          0
 7804.102230  8200.212536     8185.0     7414.0  8185.0          0          1
 7764.855733  7939.727522     8185.0     7549.0  7549.0          0          1
 7791.954851  7940.236513     7941.0     7549.0  7941.0          0          1
 7613.654105  7417.341908     7941.0     6633.0  6633.0          0          1

   CMF_20
-0.039037
-0.090177
-0.149188
-0.157152
-0.228694

     EFI_13
-862.917194
-655.934737
-564.046918
-475.068787
-515.578960

 EOM_14_100000000
     -1901.771179
     -3164.056293
     -5215.812847
     -5338.008423
     -6200.217331

    MFI_14
 55.653972
 56.199461
 56.102496
 55.520155
 53.245668

      NVI_1
 998.259873
 998.631021
 998.621290
 998.694280
 998.694280

    OBV
 7414.0
 8185.0
 7549.0
 7941.0
 6633.0

       PVI_1
 1002.342067
 1002.342067
 1002.342067
 1002.342067
 1002.060048

      PVOL
 539568.95
 158463.63
 130704.36
  80618.72
 268244.64

         PVT
-1815.202780
-1529.047582
-1535.236459
-1506.624713
-1875.505390

 low_close  high_close  neg_volume  total_volume  mean_close  pos_volume
       NaN         NaN         NaN           NaN         NaN         NaN
       NaN         NaN         NaN           NaN         NaN         NaN
       NaN         NaN         NaN           NaN         NaN         NaN
       NaN         NaN         NaN           NaN         NaN         NaN
       NaN         NaN         NaN           NaN         NaN         NaN

